[Camera State 9]
position = 192.386322, 181.478577, 240.001175

target = 177.277603, 162.834351, 240.347214

up = -0.776639, 0.629695, 0.017788

fov = 57.822403

